100 100
3
3
1
1
1
1
1
1
3
2
2
1
1
3
2
3
3
3
3
3
1
3
2
1
2
1
3
1
3
2
1
1
1
2
2
1
1
1
1
2
2
1
2
3
3
2
1
3
3
1
3
2
1
3
3
3
3
1
2
2
1
2
2
3
3
2
2
3
2
1
2
3
1
2
2
1
1
1
1
1
1
1
3
2
1
2
2
2
1
2
2
1
3
1
1
2
1
1
2
2
33 79
18 98
61 76
1 90
52 61
39 57
21 57
51 79
23 96
27 30
9 86
76 87
71 84
41 59
29 55
84 98
40 72
40 53
45 74
57 86
40 41
24 48
10 38
18 41
88 98
62 84
30 41
69 91
78 98
43 88
7 92
34 56
38 85
63 73
60 88
59 88
33 97
15 76
22 73
23 29
37 76
19 31
13 19
39 40
1 96
12 59
46 51
5 77
16 28
51 67
14 92
70 81
5 30
16 40
72 100
56 60
41 77
20 64
57 72
1 93
1 62
47 56
35 81
86 92
14 57
57 58
3 41
50 90
12 64
23 38
18 69
63 93
45 70
94 95
81 89
5 75
13 17
66 92
57 84
68 87
19 78
16 26
34 83
18 97
32 46
28 38
27 57
6 41
37 100
8 92
29 45
14 37
11 12
49 54
22 58
33 65
33 100
8 27
44 54
21 43
